2 0.10986328 0.25260417 0.07324219 0.32552083
0 0.19189453 0.28385417 0.04003906 0.20572917
2 0.25439453 0.20247396 0.04785156 0.21223958
2 0.31494141 0.16927083 0.05761719 0.27343750
1 0.39843750 0.27343750 0.05468750 0.25781250
0 0.53515625 0.23177083 0.05273438 0.39062500
1 0.46533203 0.27018229 0.04980469 0.25130208
0 0.65966797 0.17252604 0.05175781 0.13932292
1 0.75390625 0.14843750 0.05859375 0.27083333
2 0.88525391 0.21549479 0.05371094 0.24869792
0 0.94677734 0.18294271 0.03613281 0.15494792
