1 0.10498047 0.57486979 0.07519531 0.28776042
0 0.17333984 0.62044271 0.04589844 0.18098958
0 0.27148438 0.67447917 0.05078125 0.19531250
0 0.37548828 0.57617188 0.05761719 0.27213542
0 0.43505859 0.60677083 0.05175781 0.21093750
0 0.96923828 0.36718750 0.05371094 0.13020833
0 0.88818359 0.45963542 0.04003906 0.11718750
0 0.84814453 0.47005208 0.04589844 0.15104167
0 0.78466797 0.49869792 0.05761719 0.20052083
0 0.71533203 0.60416667 0.03027344 0.12500000
0 0.49902344 0.57161458 0.02929688 0.15625000
1 0.59765625 0.60481771 0.05273438 0.20963542
0 0.66015625 0.51692708 0.05273438 0.20052083
