1 0.11279297 0.73307292 0.08300781 0.35937500
0 0.17773438 0.75781250 0.03906250 0.19010417
0 0.43994141 0.74218750 0.04980469 0.20312500
0 0.90039062 0.62174479 0.04296875 0.17057292
0 0.85351562 0.62825521 0.03906250 0.18098958
0 0.97753906 0.52018229 0.04296875 0.12630208
0 0.79394531 0.65820312 0.06054688 0.23828125
0 0.50927734 0.71354167 0.03222656 0.16145833
0 0.59619141 0.72591146 0.03808594 0.15755208
0 0.67382812 0.64843750 0.06054688 0.21354167
0 0.27197266 0.78971354 0.03417969 0.16536458
0 0.37451172 0.72851562 0.05957031 0.27994792
