1 0.52587891 0.52408854 0.07519531 0.26432292
1 0.45605469 0.58528646 0.04296875 0.29296875
1 0.23046875 0.56510417 0.07812500 0.28906250
1 0.63378906 0.54557292 0.08007812 0.30989583
0 0.13183594 0.53385417 0.04882812 0.21875000
0 0.06835938 0.43424479 0.03710938 0.12890625
1 0.37548828 0.51432292 0.04589844 0.20833333
1 0.30810547 0.58007812 0.04589844 0.21484375
1 0.74560547 0.54427083 0.08105469 0.27343750
0 0.82861328 0.58528646 0.04199219 0.19661458
0 0.87988281 0.59505208 0.04296875 0.19010417
