1 0.04833984 0.36718750 0.08886719 0.29947917
1 0.15869141 0.39713542 0.07910156 0.29687500
0 0.24121094 0.41536458 0.02734375 0.10156250
2 0.28662109 0.37239583 0.06152344 0.23437500
0 0.35644531 0.40690104 0.05078125 0.17317708
0 0.40722656 0.40625000 0.04101562 0.19791667
0 0.51513672 0.41210938 0.04394531 0.19140625
1 0.59765625 0.42773438 0.04882812 0.18359375
0 0.68261719 0.47070312 0.03125000 0.19661458
1 0.86230469 0.51041667 0.15039062 0.17447917
0 0.76806641 0.41536458 0.04199219 0.16145833
