1 0.53515625 0.48502604 0.03906250 0.22005208
0 0.40380859 0.47981771 0.03808594 0.17317708
0 0.61718750 0.55013021 0.03906250 0.16276042
2 0.24462891 0.47721354 0.05175781 0.18098958
1 0.30859375 0.54752604 0.04492188 0.17057292
0 0.34326172 0.43033854 0.03417969 0.11588542
0 0.45996094 0.53190104 0.04101562 0.12890625
0 0.70019531 0.62890625 0.04687500 0.15364583
1 0.92236328 0.45768229 0.04199219 0.18619792
1 0.97265625 0.56445312 0.05078125 0.20442708
1 0.81933594 0.48242188 0.05078125 0.20442708
0 0.88134766 0.51171875 0.04003906 0.22656250
