1 0.03222656 0.44661458 0.05664062 0.18229167
1 0.16455078 0.40559896 0.04589844 0.12890625
1 0.21289062 0.50520833 0.04882812 0.11197917
0 0.33691406 0.47200521 0.03710938 0.10546875
1 0.38525391 0.47526042 0.03613281 0.11718750
2 0.44384766 0.56770833 0.05175781 0.11979167
1 0.51855469 0.47005208 0.06250000 0.19010417
2 0.64501953 0.60611979 0.03613281 0.09505208
1 0.69287109 0.50000000 0.09863281 0.18229167
2 0.77050781 0.58203125 0.04687500 0.16145833
1 0.86572266 0.54817708 0.06933594 0.21614583
1 0.97851562 0.52343750 0.03320312 0.17447917
