0 0.37597656 0.41601562 0.05468750 0.19921875
1 0.45263672 0.48177083 0.03808594 0.23697917
1 0.54882812 0.49609375 0.04882812 0.24479167
1 0.72900391 0.44335938 0.03417969 0.15755208
1 0.82568359 0.50651042 0.04394531 0.17187500
1 0.60400391 0.48958333 0.03808594 0.17447917
1 0.20800781 0.46679688 0.06640625 0.19921875
1 0.30810547 0.48763021 0.05371094 0.26432292
2 0.68701172 0.41861979 0.03613281 0.12630208
0 0.88574219 0.44531250 0.04882812 0.21354167
1 0.13134766 0.52539062 0.05371094 0.14713542
0 0.38330078 0.58268229 0.04785156 0.12109375
