1 0.03564453 0.52213542 0.03222656 0.14062500
1 0.14355469 0.52539062 0.04101562 0.24348958
2 0.25048828 0.62890625 0.04394531 0.17447917
1 0.36132812 0.54166667 0.04492188 0.23958333
2 0.45898438 0.51497396 0.04101562 0.17838542
1 0.55908203 0.51171875 0.05566406 0.26041667
0 0.62744141 0.54752604 0.04980469 0.25651042
1 0.75732422 0.50260417 0.04785156 0.21354167
0 0.81591797 0.46679688 0.04980469 0.26953125
0 0.91064453 0.56250000 0.04589844 0.21093750
0 0.86718750 0.37369792 0.03515625 0.13020833
